8.33608728647232
5.568800985813141
4.085873186588287
3.6046896874904633
3.466500222682953
3.2761293947696686
3.198055475950241
3.110880523920059
2.9877397418022156
2.9340281039476395
2.827367201447487
2.8601332008838654
2.7975398004055023
2.619130715727806
2.6216227263212204
2.5261972695589066
2.2078268826007843
1.9875800907611847
1.9700455516576767
1.9002790451049805
1.9391467422246933
1.8034949973225594
1.8371778279542923
1.8680638819932938
1.7650084123015404
1.8467008769512177
1.789221540093422
1.723062515258789
1.7663785964250565
1.8075446039438248
1.8236886709928513
1.7340198755264282
1.6954569518566132
1.73860864341259
1.7576996758580208
1.762855663895607
1.7669020593166351
1.7563611418008804
1.7749870419502258
1.7274614125490189
1.7548694759607315
1.732178658246994
1.7788718342781067
1.7232092767953873
1.754039779305458
1.7174000889062881
1.7298585176467896
1.7814209312200546
1.7001589387655258
1.7779334336519241
1.7504537403583527
1.8097804486751556
1.824057251214981
1.713844157755375
1.7398271560668945
1.7745630145072937
1.7238121032714844
1.7821978330612183
1.7757347524166107
1.7904448062181473
1.785033568739891
1.6829120144248009
1.7747112661600113
1.7257584184408188
1.7325539961457253
1.6391637027263641
1.694054901599884
1.7184215039014816
1.7530385255813599
1.7413906753063202
1.702929526567459
1.7770792096853256
1.6187224090099335
1.7171619981527328
1.660706266760826
1.6941054463386536
1.6534283459186554
1.6266470849514008
1.5790812969207764
1.6560456156730652
1.6589599400758743
1.6194119602441788
1.6369044184684753
1.6708710417151451
1.667835608124733
1.7206821143627167
1.6518152356147766
1.691847875714302
1.6484115421772003
1.6215292066335678
1.5982941091060638
1.5170383974909782
1.582010105252266
1.6222236528992653
1.6501377522945404
1.6574934422969818
1.6313866972923279
1.662952795624733
1.6339191198349
1.6523159593343735
1.6703392341732979
1.6863234043121338
1.5740070194005966
1.6745428293943405
1.6443031430244446
1.5959352254867554
1.6759126484394073
1.619793176651001
1.7068979144096375
1.7254911363124847
1.6148547679185867
1.6653895378112793
1.6352795213460922
1.681207537651062
1.6573677062988281
1.6514458134770393
1.6713687479496002
1.6304395198822021
1.6942775249481201
1.6310453563928604
1.619325302541256
1.700284630060196
1.703048549592495
1.6839755028486252
1.6941343396902084
1.6302735954523087
1.6636037826538086
1.6049536317586899
1.5784796625375748
1.6709724217653275
1.5600505024194717
1.582607626914978
1.6014169603586197
1.5788563936948776
1.583315670490265
1.5548280254006386
1.5330470204353333
1.6428051739931107
1.6178355515003204
1.5937132313847542
1.6708940267562866
1.6447989791631699
1.6330726742744446
1.5919200330972672
1.5911036133766174
1.6998913511633873
1.5848985463380814
1.589889407157898
1.5882219970226288
1.619681641459465
1.6285885497927666
1.61147640645504
1.5295801758766174
1.6553983092308044
1.5554869621992111
1.6395823061466217
1.6746940165758133
1.676388293504715
1.6707847490906715
1.631999284029007
1.6466091126203537
1.6339806914329529
1.6660456731915474
1.6466529071331024
1.5912587344646454
1.6716727912425995
1.5818945914506912
1.6997283101081848
1.6188823878765106
1.576952576637268
1.6422701328992844
1.674846962094307
1.5464922562241554
1.6469340771436691
1.589896336197853
1.5635449588298798
1.6339567750692368
1.6514132767915726
1.608976423740387
1.5902782753109932
1.5959689021110535
1.562728077173233
1.5814131051301956
1.6125705689191818
1.5987321436405182
1.5396209135651588
1.6050611734390259
1.5155362039804459
1.6126894801855087
1.519716389477253
1.5601659566164017
1.5200353860855103
1.5334496647119522
1.5539457201957703
1.514724314212799
1.6595304161310196
1.621337190270424
1.5935155004262924
1.5701689645648003
1.5820585787296295
1.6388983577489853
1.64831081032753
1.5707830637693405
1.5648123621940613
1.622534617781639
1.6391804665327072
1.5871694535017014
1.598251834511757
1.6917393952608109
1.5676933601498604
1.5933002531528473
1.592341884970665
1.5835144147276878
1.6974566876888275
1.606111727654934
1.650072380900383
1.6414738297462463
1.5965363532304764
1.609037160873413
1.605372428894043
1.725394070148468
1.6180007308721542
1.5589835420250893
1.5405960381031036
1.5527843683958054
1.558663696050644
1.5345393121242523
1.660626545548439
1.5104951113462448
1.6284548193216324
1.5450492724776268
1.5788982138037682
1.5628867000341415
1.5675385296344757
1.5090729296207428
1.5304186940193176
1.5981166884303093
1.5974595844745636
1.583995744585991
1.5477862656116486
1.5227652788162231
1.584823116660118
1.5933458358049393
1.5927133858203888
1.6090399473905563
1.5632030218839645
1.5879928097128868
1.5873100012540817
1.5345025584101677
1.5156457722187042
1.6048265546560287
1.547934629023075
1.5391775965690613
1.6563560664653778
1.557992398738861
1.6299322545528412
1.62961146235466
1.5929995626211166
1.6144798696041107
1.6720151603221893
1.6003630757331848
1.5372228473424911
1.6532825082540512
1.5974159985780716
1.5859645009040833
1.6006118655204773
1.5815248563885689
1.5753891691565514
1.6289332285523415
1.59491628408432
1.560264229774475
1.6420873552560806
1.6275057792663574
1.6173724383115768
1.5671639144420624
1.5390611737966537
1.5158076956868172
1.5898404717445374
1.5081447213888168
1.5828324407339096
1.5524383336305618
1.5243289917707443
1.6118527725338936
1.5932486057281494
1.5680401027202606
1.5646079182624817
1.6260002106428146
1.6234573125839233
1.5746489465236664
1.5222729369997978
1.5443424582481384
1.617336630821228
1.552436649799347
1.5091689452528954
1.5568803548812866
1.5390738546848297
1.5198690593242645
1.5707076638936996
1.6293333023786545
1.62657730281353
