8.22940731048584
8.221505737304687
8.207577832539876
8.132501379648845
6.514253028233846
3.818688488006592
3.337379010518392
3.1109118779500324
3.0309623877207437
2.839235289891561
2.876970895131429
2.9018117427825927
2.8647854804992674
2.8412087599436444
2.747807439168294
2.760084342956543
2.7896665732065835
2.6507765372594196
2.6644925594329836
2.616538492838542
2.598571761449178
2.5609221776326496
2.409402108192444
2.5412232478459678
2.4706562678019206
2.4581289450327555
2.474894873301188
2.430041805903117
2.41031440893809
2.4360533555348716
2.41923774878184
2.4851431528727215
2.492847522099813
2.462193981806437
2.4171507517496744
2.395917534828186
2.302323500315348
2.292086601257324
2.3583032449086505
2.4048526287078857
2.3329782485961914
2.3001354853312175
2.2919830242792765
2.44815510114034
2.354974714914958
2.290948828061422
2.2945899248123167
2.4102246046066282
2.373956251144409
2.299429241816203
2.2779226938883466
2.305147409439087
2.2504979610443114
2.278787446022034
2.3249850114186605
2.3097238063812258
2.3107602119445803
2.299528439839681
2.326381810506185
2.3411652565002443
2.2943290074666343
2.2876623471577964
2.272838338216146
2.261144781112671
2.199980060259501
2.2558993180592855
2.2416823148727416
2.223744440078735
2.1646838744481403
2.2757972240448
2.279477580388387
2.2056789795557656
2.307506211598714
2.1751301447550455
2.2277139902114866
2.3111300071080527
2.3058268785476685
2.2300696055094402
2.2446545362472534
2.111875359217326
2.2025487820307412
2.2122854868570965
2.2430164257685345
2.210883617401123
2.176935346921285
2.220353094736735
2.3075626850128175
2.2286366701126097
2.1961297671000164
2.165130893389384
2.192700417836507
2.2335477828979493
2.1914134581883746
2.2330949465433756
2.165370217959086
2.1772920290629068
2.245445227622986
2.2307576020558675
2.2161449193954468
2.2704476515452066
2.148488450050354
2.2309491554896037
2.1819355408350627
2.196083394686381
2.1731459697087607
2.147584017117818
2.202405405044556
2.1112271308898927
2.172965884208679
2.122098199526469
2.1571964104970296
2.162587030728658
2.188379470507304
2.2241884231567384
2.23105681737264
2.122620860735575
2.2482074737548827
2.1269858360290526
2.191097625096639
2.1538097143173216
2.0586674849192304
2.170399562517802
2.1415236314137776
2.170928390820821
2.167394781112671
2.2376081466674806
2.282532827059428
2.2097442944844565
2.1697472016016643
2.1711976210276287
2.1293870210647583
2.127316149075826
2.1437954266866046
2.114253568649292
2.120889147122701
2.165967845916748
2.206626375516256
2.147833236058553
2.1801732540130616
2.136187791824341
2.2221731503804523
2.2384584665298464
2.2182907819747926
2.0952207962671916
2.1665956656138103
2.1502815882364907
2.1682495911916098
2.177547812461853
2.1665276924769086
2.107547124226888
2.169936243693034
2.2238725582758585
2.162235689163208
2.262960847218831
2.120591902732849
2.100220815340678
2.0666311184565225
2.1286048889160156
2.1275266965230304
2.0839003721872964
2.1196350971857707
2.09829523563385
2.103238328297933
2.1172167460123696
2.1286441485087075
2.1224696238835654
2.237690790494283
2.136599636077881
2.1304969072341917
2.1320237239201862
2.160781915982564
2.1402685165405275
2.025578840573629
2.066655492782593
2.0770016352335614
2.0893355051676434
2.113228980700175
2.153738252321879
2.1484047810236615
2.1181952953338623
2.0926666339238484
2.1223379135131837
2.1465492407480875
2.0517032305399576
2.122747866312663
2.159704661369324
2.0429482142130535
2.1123425483703615
2.1455374558766684
2.1057230949401857
2.0806052684783936
2.0951398372650147
2.1423909346262615
2.1517298539479572
2.0873588800430296
2.129276990890503
2.1211379289627077
2.046101419130961
2.143574897448222
2.128996229171753
