5.696331723531087
3.254424317677816
2.7033735116322837
2.3809436718622843
2.4349542458852134
2.3562337080637614
2.288767417271932
2.270360589027405
1.889740538597107
1.6833578189214071
1.5608705202738444
1.4111427942911783
1.452398626009623
1.4426505009333292
1.4142278671264648
1.3753559907277426
1.36066525777181
1.4021765788396199
1.4266905069351197
1.360068925221761
1.3461050430933634
1.2761550347010295
1.3897527615229288
1.2991655349731446
1.335699772834778
1.3578814188639323
1.300611933072408
1.2626410404841104
1.2706038157145183
1.29102520942688
1.2770433982213338
1.2910743474960327
1.288499895731608
1.2830399433771769
1.2916862885157268
1.2344945907592773
1.300281532605489
1.2839649200439454
1.2832322359085082
1.2828129053115844
1.2929185310999551
1.258998656272888
1.262310512860616
1.2925374110539753
1.3183602809906005
1.3039161284764609
1.2894747257232666
1.2453151226043702
1.2684393803278604
1.3116941928863526
1.2970693906148274
1.3342107772827148
1.2490209420522054
1.3210198243459066
1.2859615325927733
1.3138278722763062
1.3149851242701212
1.3752230485280355
1.2619797587394714
1.333048367500305
1.2479597727457683
1.205439293384552
1.3062450488408406
1.2447484771410624
1.2938627084096272
1.2646210312843322
1.2529250860214234
1.2481403867403666
1.2731123288472495
1.192611543337504
1.2962772051493328
1.2789644082387288
1.2367011189460755
1.2351499239603678
1.2457666039466857
1.1869380950927735
1.2714912017186484
1.17351389726003
1.2410241802533468
1.269718329111735
1.2012847105662028
1.1494829694430033
1.2427475968996684
1.1626974503199259
1.2188294410705567
1.2354697942733766
1.2040515661239624
1.1951285123825073
1.1761556188265483
1.2070844729741415
1.1925302584966024
1.2703805764516194
1.166889488697052
1.2185617168744405
1.2006928682327271
1.2228645881017048
1.2207190672556558
1.1974148988723754
1.2072211146354674
1.2995616753896078
1.2092398126920065
1.2241398811340332
1.2274985869725545
1.2473754644393922
1.2962994813919066
1.2237300038337708
1.2458818753560383
1.2669106006622315
1.2391512711842856
1.243704128265381
1.2249715169270834
1.2235864758491517
1.3205406109491984
1.249243680636088
1.2756750027338664
1.2321521123250325
1.2369308988253276
1.246676743030548
1.2343610127766926
1.2251264731089273
1.255681029955546
1.2307825605074565
1.2263548215230307
1.2108386357625325
1.259984056154887
1.2453887701034545
1.2447279214859008
1.2676282167434691
1.1773880163828532
1.1987131516138712
1.2032877365748087
1.156571384270986
1.2440553029378256
1.2002598921457925
1.205937671661377
1.2261303345362344
1.165855093797048
1.1314093430836996
1.1951117873191834
1.150087583065033
1.2113978068033855
1.1206189314524333
1.1674526453018188
1.2261014461517334
1.179779330889384
1.2021434783935547
1.1826201915740966
1.1756608406702678
1.1628923018773396
1.2646275361378987
1.2247688531875611
1.1794424851735432
1.2677190144856771
1.13784974416097
1.1794446627298991
1.1810766021410624
1.1944013754526774
1.1911658843358357
1.1893118619918823
1.2569562196731567
1.1704190969467163
1.2345038970311484
1.2271503766377767
1.12595321337382
1.226714007059733
1.2459919611612955
1.2503272851308187
1.1960757493972778
1.2132513682047525
1.2393478552500408
1.2057108998298645
1.2106728076934814
1.1738040526707967
1.1902384678522746
1.1472007473309835
1.1704383095105488
1.2232128381729126
1.161230492591858
1.1591163635253907
1.1747197071711222
1.2135837078094482
1.1434505462646485
1.145944341023763
1.1790094137191773
1.1835311810175577
1.2015821536382039
1.1957799673080445
1.1808746973673503
1.1628997325897217
1.1712793509165447
1.1150261163711548
1.1470484614372254
1.1217151800791423
1.1912664691607158
1.1585521221160888
1.1646929303805034
1.1561118245124817
1.1587473154067993
1.2136914650599162
1.159029241402944
1.1732216636339823
1.1755332549413045
1.1585307757059733
1.166044835249583
1.1885147571563721
1.1932728131612143
1.144249161084493
1.1412352760632833
1.2019018332163494
1.2057212750116983
1.1989786227544148
1.2141146818796793
1.2376392364501954
1.195082418123881
1.2371505975723267
1.219804310798645
1.1930437366167703
1.2090987284978232
1.1836419741312663
1.2129772623380026
1.2378247896830241
1.1520347197850545
1.2023916562398276
1.2110227942466736
1.2044480323791504
1.1659009218215943
1.1732406695683797
1.1306121150652568
1.1841972589492797
1.1790190060933432
1.1674701929092408
1.1740524530410767
1.223637580871582
1.2090240478515626
1.1810317397117616
1.1449130137761434
1.148418951034546
1.1785596211751301
1.0851718266805013
1.146707530816396
1.1612604260444641
1.1473429361979166
1.200700290997823
1.0761746207873026
1.1179048657417296
1.1665881911913554
1.1556624094645183
1.0964243054389953
1.1210458874702454
1.1029445330301921
1.1585147539774576
1.1268308560053508
1.144827699661255
1.1137268662452697
1.0896957159042358
1.129431947072347
1.1991873105367026
1.1369624217351277
1.1292503754297891
1.150831413269043
1.164114002386729
1.168131430943807
1.1720885992050172
1.160426930586497
1.1723675409952798
1.2016145944595338
1.2110793113708496
1.1903931935628256
1.223029331366221
1.1940230091412862
1.2025709867477417
1.1999192873636881
1.1946154435475667
1.2382027149200439
1.1347898761431376
1.1871291001637776
1.1378485163052876
1.1724098364512126
1.1943527539571126
1.1664264043172201
1.1291123151779174
1.2077808300654094
1.1656370004018148
1.2373725334803263
1.1848589142163595
1.1740020155906676
1.1495503942171732
1.1462392965952555
1.160059686501821
1.206256091594696
1.1852147618929545
1.1541175643603008
1.1501522262891133
1.1528406023979187
1.1435242295265198
1.1508424441019693
1.0914156476656596
1.1085909565289815
1.149834187825521
1.1256680647532145
1.2014231920242309
1.204126771291097
1.1572527805964152
1.1176367004712422
1.1357566157976786
1.1218665599823
1.1147953629493714
1.150243099530538
1.1375290552775066
1.1022543748219809
1.157769831021627
1.1473328312238058
1.1091074228286744
1.1360187212626138
1.162068255742391
1.1271931807200113
1.154342802365621
1.195483096440633
1.1478283286094666
1.1838246663411458
1.1476414203643799
1.1317782084147134
1.1913947661717732
1.2173120498657226
1.21673424243927
1.1919259707132974
1.1308759212493897
1.1956148703893026
1.1573941151301066
1.1940393288930258
1.1591834902763367
1.1668168505032857
1.159351102511088
1.1957619110743205
1.169701584180196
1.2250471234321594
1.160325558980306
1.1448802947998047
1.112708560625712
1.1683507998784384
1.1477463285128275
1.1609285314877829
1.1645915031433105
1.138927153746287
1.1274332443873087
1.178614044189453
1.156632916132609
1.096779755751292
1.133983810742696
1.1067103068033854
1.0848881085713704
1.1268576622009276
1.112018613020579
1.1504290421803793
1.14571985801061
1.1106926918029785
1.1537055253982544
1.11895649433136
1.1035680850346883
1.106703229745229
1.0677958170572917
1.1587822039922078
1.1437891006469727
1.1548709948857625
1.1555742343266806
1.0963605562845866
1.1412163893381755
1.1254955967267355
1.113945237795512
1.1810628175735474
1.1613678852717082
1.1560688535372416
1.2086729764938355
1.2019004702568055
1.1930219769477843
1.1764990011850993
1.1448069016138713
1.1008313735326132
1.2230741739273072
1.1836156487464904
1.1984016338984171
1.2041281779607138
1.1941213607788086
1.1661410371462504
1.1817315896352132
1.1709251880645752
1.2084811449050903
1.1774985233942667
1.1361379384994508
1.1663680712381999
1.183313238620758
1.1617116769154867
1.095453143119812
1.1381650606791178
1.1381539781888326
1.106877370675405
1.1931215524673462
1.1320494373639425
1.1242613236109416
1.1503091732660928
1.0961474657058716
1.148574995994568
1.125823680559794
1.1008841276168824
1.0764037370681763
1.1175838271776835
1.0953915516535442
1.145593285560608
1.1098641554514568
1.1412784020105997
1.1738836685816447
1.1217090884844463
1.051398770014445
1.0881635745366414
1.0893579999605814
1.0803722500801087
1.1278918027877807
1.1655526240666707
1.165238908926646
1.128531555334727
1.1370799938837688
1.1165506879488627
1.1017934640248617
1.1351133306821188
1.1414992014567058
1.163123110930125
1.1366171876589457
1.187452201048533
1.1328964312871297
1.1848155419031778
1.1688460826873779
1.1919382770856222
1.1416370232899984
1.2005445162455242
1.1753752748171489
1.1190075596173605
1.1450292388598124
1.1419963916142781
1.1640477101008098
1.115976583957672
1.15648455619812
1.1606008013089497
1.1720803181330364
1.1765254656473796
1.1001019795735678
1.120893136660258
1.1326573610305786
1.097562317053477
1.1146246512730917
1.13685196240743
1.0582324226697286
1.1178216338157654
1.1166239817937216
1.1066900928815206
1.1267717798550925
1.1434370398521423
1.1540606498718262
1.138794473807017
1.1216545422871909
1.0970945358276367
1.108872413635254
1.119853937625885
1.166089928150177
1.059783802429835
1.1409432649612428
1.104602336883545
1.0356642802556355
1.0449892361958821
1.1612547477086386
1.119989546140035
1.1097328702608744
1.1164844989776612
1.1393592039744058
1.1158321619033813
1.1238725225130717
1.1356375058492025
1.1262676080067953
1.173512880007426
1.143835759162903
1.1050920486450195
1.1685108423233033
1.161527975400289
1.1450857639312744
1.1430303970972697
1.1715590079625449
1.1496399521827698
1.1414584080378214
1.1413097898165385
1.2174070914586386
1.193041706085205
1.169471009572347
1.1263169050216675
1.1876622120539346
1.166254981358846
1.1529062032699584
1.1652493556340535
1.1607597788174948
1.1502681652704874
1.1794776320457458
1.1003159562746683
