8.64297729730606
6.524070680141449
4.801376193761826
3.6762516796588898
3.7437356412410736
4.0671387910842896
3.5726858973503113
3.0722468495368958
3.1067973971366882
3.162159502506256
3.1494054347276688
3.426270008087158
3.0015023350715637
3.2439035177230835
2.929946720600128
2.9586005806922913
3.252181202173233
2.8161753714084625
2.93105611205101
2.9327975809574127
2.5578631460666656
3.2694120556116104
3.111468344926834
2.858779698610306
2.56379833817482
2.510899603366852
2.414786919951439
2.938521459698677
2.977212116122246
2.7458953261375427
3.025221362709999
3.0672652423381805
2.7041713297367096
2.9009009897708893
2.6831886619329453
2.260532110929489
2.6751371175050735
2.5925064384937286
2.711780548095703
2.740336373448372
2.2846787571907043
2.6513156443834305
2.6356858015060425
2.866471290588379
2.74383907020092
2.5476531237363815
2.8135162740945816
2.9931258112192154
2.4416683316230774
2.7922133952379227
3.181272268295288
2.6819444745779037
3.139877051115036
2.1286168098449707
2.6950598657131195
2.2796672582626343
2.6569068878889084
2.924506425857544
2.8062324821949005
2.5684800148010254
2.3569517880678177
2.7798946648836136
2.4897101670503616
2.7516275495290756
2.599130779504776
2.73383816331625
2.5396185219287872
2.4250629246234894
2.5302049219608307
2.136763334274292
2.582821413874626
2.197885736823082
2.6102223843336105
2.2381898313760757
2.223103165626526
2.3130664974451065
2.126997619867325
1.9866960793733597
1.8205584660172462
1.945179969072342
2.0969488471746445
1.829516977071762
1.9742262363433838
1.7426107749342918
1.8458726108074188
2.1159567087888718
1.68917515873909
2.378861963748932
2.033199429512024
2.1491218358278275
1.9948125779628754
1.9392078071832657
1.6941708773374557
1.721315935254097
1.695763736963272
2.4479011595249176
2.3789637088775635
1.6986618861556053
1.613128900527954
2.1586064398288727
2.032424658536911
2.5447629541158676
1.7449085712432861
1.97011037170887
1.614203430712223
1.888901337981224
1.9831850826740265
2.1889313608407974
2.0006114095449448
2.2501087337732315
2.3975407034158707
2.193071201443672
2.37070831656456
2.0490908175706863
2.3002912551164627
2.3359482288360596
1.8820893988013268
1.7412276417016983
2.137015253305435
1.6561534330248833
2.088203027844429
1.9085451066493988
1.7919135838747025
1.9898084253072739
2.049988880753517
1.8141698837280273
1.881305754184723
1.7727245688438416
1.8592150807380676
1.7682996839284897
1.4818816483020782
1.8565421551465988
1.6375805288553238
2.069580987095833
1.5741213262081146
1.6302505433559418
2.125398799777031
1.936797946691513
1.6649252399802208
1.9945491701364517
1.8829281479120255
1.808136686682701
1.6596892848610878
1.7655508518218994
1.7096508741378784
1.7511948645114899
1.8087190091609955
2.067395605146885
2.044522523880005
1.5816723555326462
1.7556583285331726
1.8749163448810577
1.8001452758908272
2.10455559194088
2.1275971680879593
2.0426846891641617
1.8688990697264671
1.8776953369379044
2.075249597430229
1.8022357076406479
2.0765587389469147
2.1865394711494446
2.1766341775655746
1.9587870836257935
1.9911968410015106
1.934514656662941
2.400099352002144
1.9141865670681
1.828342854976654
1.5298581644892693
1.7495108768343925
1.683332234621048
1.8536376357078552
1.9062789529561996
2.08236625790596
2.070685975253582
1.7921611219644547
2.017239175736904
1.9779095649719238
1.5184379667043686
2.124489739537239
1.7585273087024689
1.899366483092308
1.5375546514987946
1.7897788286209106
1.8845074027776718
1.6686207801103592
1.724406749010086
1.9190731793642044
1.7004398107528687
1.5290290638804436
1.7053313627839088
1.8451320677995682
1.8869306296110153
1.8230695351958275
1.7938430607318878
2.1998948603868484
1.608523428440094
1.5258650183677673
1.8198059797286987
2.018411338329315
1.9546058550477028
1.4306446835398674
2.0598852336406708
1.7437034398317337
2.056041806936264
1.7731172293424606
1.7163260728120804
1.9807280898094177
1.9859400987625122
1.438405528664589
1.754132241010666
1.961016971617937
2.258984714746475
2.1797544062137604
2.127519890666008
1.8154011070728302
2.025870494544506
2.0776690244674683
1.5595536157488823
1.626420021057129
1.91534885764122
1.828103631734848
2.185062065720558
1.8325348570942879
1.7202708423137665
1.8381901308894157
1.5755939409136772
2.013708710670471
1.665471613407135
1.9036707282066345
1.3414229303598404
1.6773502454161644
1.8481237292289734
1.7964477092027664
2.0686906427145004
1.5946617126464844
2.0280382931232452
1.754072166979313
1.8100741058588028
1.583377555012703
1.4037180095911026
1.786572590470314
1.8091386407613754
1.7591517120599747
1.637339174747467
1.4878101199865341
1.4242201745510101
1.47694793343544
1.8389081954956055
1.4711689352989197
1.271478958427906
2.1050615087151527
1.8372545540332794
1.9753951653838158
1.88359834253788
2.0690576285123825
1.7598406821489334
1.443885937333107
1.7813451811671257
1.9177849888801575
1.8624181151390076
1.753039188683033
2.050352841615677
1.7613482475280762
1.7298811450600624
1.7940900176763535
1.7353953123092651
2.101759433746338
1.6705483458936214
1.452216237783432
1.8057722747325897
1.6144512444734573
1.943064734339714
1.8380818217992783
1.9164851009845734
1.4698554873466492
1.7680663838982582
1.9845400974154472
1.5202756822109222
2.0549356341362
1.8748966753482819
1.679454505443573
1.5083338990807533
1.5683909058570862
1.5498458445072174
1.530533030629158
1.6877612471580505
1.5132781714200974
1.5569698363542557
1.6144697666168213
1.7519345134496689
1.8118768781423569
1.6461560726165771
1.6455039083957672
1.8849074393510818
1.7155814319849014
1.6286010593175888
1.8586244881153107
1.789010688662529
