7.695598661899567
5.150014966726303
3.955023169517517
3.596666157245636
3.45343941450119
3.268925040960312
3.034644842147827
2.981109455227852
3.015058785676956
2.879056602716446
2.9405290633440018
2.878075957298279
2.8131161481142044
2.6843915432691574
2.4695186018943787
2.243153005838394
2.351207956671715
2.083975076675415
2.01518115401268
1.8596777468919754
1.9678543359041214
1.8391082435846329
1.8111175894737244
1.859801933169365
1.7556371688842773
1.8162167519330978
1.7757134586572647
1.8711319714784622
1.7845579236745834
1.8591578304767609
1.785517618060112
1.7614291608333588
1.8021993190050125
1.8104622811079025
1.7738972157239914
1.812271699309349
1.7264156639575958
1.7049292027950287
1.756088837981224
1.8012996166944504
1.7710397690534592
1.7744167000055313
1.8245882242918015
1.6898789405822754
1.7707130014896393
1.7419224679470062
1.7273225784301758
1.7545081451535225
1.775719091296196
1.7375331073999405
1.7838826030492783
1.853633776307106
1.8157001584768295
1.7879600524902344
1.743465080857277
1.817705199122429
1.7986485809087753
1.8308518677949905
1.7694894522428513
1.7618091702461243
1.8150324523448944
1.7387883067131042
1.7000693082809448
1.672660231590271
1.7419523745775223
1.6676276326179504
1.7331589236855507
1.7262961640954018
1.7175587713718414
1.6998132318258286
1.6819070279598236
1.707178145647049
1.731884941458702
1.6294786483049393
1.7672543078660965
1.7143588364124298
1.6761730313301086
1.630356326699257
1.6421967446804047
1.6298350393772125
1.6429448276758194
1.6555749326944351
1.7227929532527924
1.664601519703865
1.663061946630478
1.6550989896059036
1.607878215610981
1.6711090728640556
1.572331115603447
1.6088655889034271
1.6908700913190842
1.6389805376529694
1.642352283000946
1.720666080713272
1.6452402919530869
1.6635246723890305
1.6985902041196823
1.6145120784640312
1.669280968606472
1.6318083852529526
1.6884552389383316
1.6069784760475159
1.6677732020616531
1.607497826218605
1.7490175813436508
1.7302540093660355
1.7088856995105743
1.6730664670467377
1.6864233016967773
1.6640551388263702
1.6925591975450516
1.6605310142040253
1.666649505496025
1.6331129670143127
1.7181917279958725
1.5982594192028046
1.6522375494241714
1.639098420739174
1.5773790404200554
1.7120981365442276
1.740699976682663
1.5888070464134216
1.6334480717778206
1.6312009543180466
1.6450180858373642
1.5490281730890274
1.6202465295791626
1.618457317352295
1.6467513293027878
1.5983703881502151
1.63591268658638
1.5679838508367538
1.5598002672195435
1.646111249923706
1.606506772339344
1.5954641699790955
1.5941057950258255
1.632899597287178
1.5870389491319656
1.5850709974765778
1.5737831443548203
1.5167288929224014
1.604516640305519
1.563051976263523
1.5495661944150925
1.6125273928046227
1.5861717760562897
1.6206508129835129
1.638420730829239
1.6456081122159958
1.5628255307674408
1.651982806622982
1.6415173560380936
1.6164382994174957
1.6131539791822433
1.6900876313447952
1.7016010284423828
1.637875258922577
1.6854373216629028
1.6562054976820946
1.6811364740133286
1.661738097667694
1.5882129967212677
1.521211676299572
1.6508464217185974
1.6542302295565605
1.640332356095314
1.6496170610189438
1.6539313793182373
1.6640741676092148
1.582611858844757
1.6361377537250519
1.6083840727806091
1.645844742655754
1.687443733215332
1.6297848224639893
1.65402851998806
1.652042455971241
1.573470078408718
1.512376829981804
1.5972689390182495
1.5477714538574219
1.585476167500019
1.6112007945775986
1.6296281218528748
1.5523688718676567
1.589933142066002
1.6099766045808792
1.5871489197015762
1.55410698056221
1.5929676443338394
1.6061582192778587
1.6375336199998856
1.5913305953145027
1.5044699758291245
1.619693011045456
1.5532798767089844
1.6443123519420624
1.6043107882142067
1.596104696393013
1.5795799940824509
1.6081285178661346
1.5762710869312286
1.6230018585920334
1.5503173023462296
1.617941439151764
1.6386087909340858
1.6030478477478027
1.6013265922665596
1.5828984007239342
1.6039434671401978
1.5992265790700912
1.706802248954773
1.6630561649799347
1.6444676369428635
1.6090369075536728
1.5433642864227295
1.6121001690626144
1.661881610751152
1.6087758541107178
1.6150825917720795
1.6657612174749374
1.6064019799232483
1.5557401180267334
1.6869141906499863
1.566140241920948
1.6393213421106339
1.6301333010196686
1.5036390498280525
1.5559733211994171
1.5794690996408463
1.6040655747056007
1.5837309136986732
1.5605232864618301
1.5945747941732407
1.578389659523964
1.5612509995698929
1.6035090535879135
1.5428450107574463
1.5624635368585587
1.5770143494009972
1.562886081635952
1.5559729561209679
1.5806164145469666
1.5390245914459229
1.588922455906868
1.5599953830242157
1.6053975969552994
1.6115121990442276
1.5911832302808762
1.6382605284452438
1.6592674404382706
1.5956420451402664
1.591189682483673
1.6037854552268982
1.6601886749267578
1.6278872042894363
1.6316875368356705
1.638688713312149
1.5878718793392181
1.6290485262870789
1.6135297045111656
1.5932438969612122
1.5901211202144623
1.6495651379227638
1.6310961842536926
1.6047091633081436
1.567312017083168
1.6099251955747604
1.5875114053487778
1.6111297756433487
1.5297021120786667
1.517116740345955
1.5654697641730309
1.5147725343704224
1.5695407018065453
1.545833058655262
1.509439803659916
1.5879099071025848
1.5417682528495789
1.5439127087593079
1.575871080160141
1.565843142569065
1.5552712306380272
1.5528130531311035
1.5498558431863785
1.5580254048109055
1.5182507634162903
1.568170204758644
1.522777296602726
1.516793817281723
1.55760857462883
1.562293216586113
1.5407793372869492
1.603118970990181
1.5753956884145737
1.6051996648311615
1.5721760392189026
1.5606071799993515
1.6000368520617485
