8.450124979019165
5.650950789451599
4.072455912828445
3.8128043115139008
3.5486016273498535
3.285368502140045
3.198177218437195
3.0581730604171753
3.0902923345565796
2.970056027173996
2.8077981024980545
3.0141907185316086
2.8275528997182846
2.803645998239517
2.7315023243427277
2.439359128475189
2.401290848851204
2.277185693383217
2.048739403486252
1.9803811609745026
1.918335109949112
1.8873216360807419
1.791044533252716
1.8282802999019623
1.8223886489868164
1.8043565452098846
1.7757909446954727
1.8138535767793655
1.798863336443901
1.763050690293312
1.7779447436332703
1.6716022491455078
1.699426181614399
1.6349841728806496
1.6870403662323952
1.6895739287137985
1.693830132484436
1.7158239483833313
1.7117238640785217
1.7422375082969666
1.6869002878665924
1.6487475708127022
1.6720720529556274
1.7081951424479485
1.7650588899850845
1.7066199779510498
1.7057062685489655
1.6136424392461777
1.7277397811412811
1.68850826472044
1.6754341199994087
1.7161712497472763
1.6973213106393814
1.7650255858898163
1.7233140915632248
1.7519165202975273
1.756403461098671
1.7432112246751785
1.8101767301559448
1.6950773745775223
1.6804256290197372
1.7163656577467918
1.7453774362802505
1.7216389626264572
1.6805105954408646
1.7076356709003448
1.750429853796959
1.7356106042861938
1.6924835965037346
1.7317430227994919
1.685403361916542
1.6642937660217285
1.7042901515960693
1.6394410133361816
1.6438820287585258
1.60822331905365
1.4946629330515862
1.6423298716545105
1.6078610643744469
1.561066560447216
1.600703552365303
1.612970381975174
1.5604876056313515
1.5370567440986633
1.614064410328865
1.5429004356265068
1.5205717533826828
1.5568353310227394
1.541521593928337
1.5560848861932755
1.5977379381656647
1.6084837913513184
1.6332474201917648
1.5281141996383667
1.5977019667625427
1.544643521308899
1.5765829235315323
1.5813935697078705
1.618593156337738
1.576658435165882
1.580349862575531
1.619281642138958
1.557342790067196
1.657673865556717
1.6758686900138855
1.6297418922185898
1.6332022622227669
1.6719558387994766
1.6170343831181526
1.6375064998865128
1.7206845730543137
1.551081396639347
1.6891985833644867
1.7420632168650627
1.6676915809512138
1.6591542214155197
1.6996771693229675
1.5792186111211777
1.5246263295412064
1.560147300362587
1.6165610179305077
1.6262329071760178
1.6049080789089203
1.5983247384428978
1.587593212723732
1.5746721401810646
1.6303789615631104
1.6054407358169556
1.5802689641714096
1.567211091518402
1.5038290694355965
1.52876927703619
1.5804750174283981
1.540213979780674
1.5321756601333618
1.5559254065155983
1.534399427473545
1.5603953525424004
1.5127561464905739
1.550055056810379
1.524273119866848
1.5719958394765854
1.5520797222852707
1.4938057661056519
1.4949962124228477
1.492328442633152
1.6171716749668121
1.5687105804681778
1.5779188126325607
1.5691509619355202
1.5706805437803268
1.5778860598802567
1.5733965635299683
1.594937026500702
1.5955301895737648
1.6317686513066292
1.5304286405444145
1.6342905387282372
1.6534667611122131
1.5770732164382935
1.6200420036911964
1.6363499909639359
1.6913930848240852
1.6088318824768066
1.6633318811655045
1.6184184402227402
1.5778427571058273
1.5815445929765701
1.620569795370102
1.581625446677208
1.603296510875225
1.5424886047840118
1.5817648470401764
1.554182082414627
1.5603399574756622
1.6189928501844406
1.5939327627420425
1.5388208255171776
1.61130890250206
1.5483853220939636
1.5872368142008781
1.5403601452708244
1.5125927850604057
1.515928901731968
1.5241974890232086
1.459373913705349
1.491004765033722
1.4504102021455765
1.506672479212284
1.5224747881293297
1.6649938225746155
1.5383276492357254
1.5809901654720306
1.537729188799858
1.5333636105060577
1.497680239379406
1.6058456152677536
1.514519289135933
1.5979912877082825
1.588748313486576
1.541306622326374
1.6269948184490204
1.5944560319185257
1.5884151756763458
1.5218658447265625
1.5532505512237549
1.5882969498634338
1.563318207859993
1.5324319377541542
1.597202107310295
1.5946899503469467
1.5797853618860245
1.6467508599162102
1.555989384651184
1.5088245123624802
1.5887101739645004
1.563428908586502
1.6310078650712967
1.5619636923074722
1.6197367459535599
1.5579122602939606
1.5299745798110962
1.5171134918928146
1.5577289313077927
1.5922152996063232
1.6376604437828064
1.561154156923294
1.4777927845716476
1.5122989118099213
1.5304999649524689
1.496755227446556
1.532081514596939
1.5310099944472313
1.4395242035388947
1.538813665509224
1.5275683254003525
1.5607199519872665
1.5392277836799622
1.4856174439191818
1.5410319864749908
1.5382225811481476
1.5507783889770508
1.4286781772971153
1.4892966002225876
1.5841916799545288
1.5594732239842415
1.5586614608764648
1.4907894134521484
1.5663063898682594
1.4937613233923912
1.5304243713617325
1.590421736240387
1.455417938530445
1.566666953265667
1.5089823752641678
1.5695683509111404
1.6072178184986115
1.636346459388733
1.5776544362306595
1.5517940074205399
1.5946407839655876
1.5300397351384163
1.4985019266605377
1.5237070173025131
1.636401891708374
1.5504613369703293
1.5403404384851456
1.538559764623642
1.5548866242170334
1.546714723110199
1.5505230724811554
1.5662422478199005
1.5911969393491745
1.5018247216939926
1.5475200563669205
1.5606250166893005
1.5315310955047607
1.4911090359091759
1.4859523624181747
1.5016655325889587
1.4802050739526749
1.526422142982483
1.4891319125890732
1.4745977222919464
1.5093995109200478
1.486811324954033
1.49562519043684
1.48720932751894
1.52828910946846
1.520218774676323
1.4355849996209145
1.5387450903654099
1.5193786919116974
1.4883948266506195
1.599660448729992
1.4761708229780197
1.515354871749878
1.5555408895015717
1.5134992599487305
1.5636471509933472
