7.8911386132240295
5.51359349489212
4.019136965274811
4.072517544031143
3.102147728204727
3.1783666908740997
3.587879627943039
3.2381562292575836
3.134598031640053
3.274896591901779
2.9908606708049774
2.768816500902176
3.2862489223480225
3.163360118865967
2.9568777680397034
2.7756828665733337
2.8591277599334717
2.7183869630098343
2.5048297196626663
2.728175699710846
3.0066020488739014
3.1112397015094757
2.8188866078853607
2.8602694123983383
2.6514693945646286
2.524134412407875
2.8166182339191437
2.781186357140541
2.97673699259758
2.5616899728775024
3.3190567195415497
2.816740572452545
2.380198083817959
2.9327168464660645
2.925240248441696
3.1864699721336365
2.4932262003421783
2.6951653957366943
3.009589284658432
2.5658537298440933
2.645067125558853
3.1659853160381317
2.772217497229576
2.407335475087166
2.816319100558758
2.8089695870876312
2.447653189301491
3.074917495250702
2.6853014528751373
2.92657008767128
2.5721726417541504
2.765936464071274
2.948629230260849
3.033845543861389
2.589704155921936
2.3325508683919907
2.774925395846367
2.341863662004471
2.603292018175125
2.4873995780944824
3.027873456478119
2.558777555823326
2.2308834344148636
2.692217066884041
2.5134503096342087
3.0858754068613052
2.527525007724762
2.5637979805469513
2.522077351808548
2.631709784269333
2.228437229990959
2.1076435893774033
2.0949077755212784
2.0856419652700424
2.155712589621544
1.9728843122720718
2.069729432463646
2.0745021402835846
2.0742676854133606
1.7878725677728653
1.9685018956661224
1.7438049614429474
1.91950361430645
1.9333436787128448
1.95703487098217
1.5572301745414734
1.866275206208229
2.059720516204834
2.1180969327688217
1.9159923940896988
2.377662315964699
2.088711529970169
1.998517170548439
1.9219955205917358
2.2456770688295364
1.8090283051133156
2.3738221377134323
1.9617275968194008
2.1005046665668488
2.1623839139938354
2.1250282675027847
2.0297529250383377
1.9561135023832321
1.948168009519577
2.3435571044683456
2.267791301012039
2.443050965666771
2.3181401193141937
2.241527408361435
2.0522857904434204
2.0894108712673187
1.754841685295105
2.431487873196602
2.256772518157959
2.0482646375894547
1.873499110341072
2.225639134645462
2.3168715089559555
1.8915097266435623
1.6098638325929642
1.9653486162424088
2.1637430787086487
2.0075748711824417
1.8189012929797173
2.297925755381584
2.0648693591356277
1.8174771517515182
2.2453395277261734
1.7986846938729286
1.6969357281923294
1.9645085483789444
1.8479642122983932
1.9334360659122467
1.8890311419963837
1.9522805213928223
2.039963126182556
1.824398659169674
2.1308013200759888
1.7416983842849731
1.7003260776400566
2.0845260247588158
2.046833820641041
2.6042300760746
1.9210425317287445
2.0234155654907227
1.6221631914377213
1.7258106619119644
2.0132133066654205
1.655812881886959
2.07301327586174
1.6757855862379074
1.9221492409706116
1.662938266992569
1.6405966058373451
2.2524326890707016
1.768873654305935
2.398237556219101
1.7956141531467438
1.7340694069862366
1.9109741747379303
2.1030978709459305
1.888840638101101
2.0039600133895874
1.8919841647148132
1.886031150817871
2.081220343708992
1.9111073017120361
1.9980894029140472
1.7389828562736511
1.9666775986552238
1.8376032263040543
1.773626133799553
1.8227109014987946
1.7604816406965256
1.8394094854593277
2.2378063648939133
1.759739950299263
1.7865527495741844
1.6687064319849014
1.6455130726099014
1.8762031942605972
1.7572210803627968
1.871202252805233
1.7983909100294113
1.7071799337863922
1.9142078086733818
1.6067194789648056
1.8635387867689133
1.631657436490059
1.9377394765615463
1.998772993683815
1.6956125497817993
1.788041964173317
1.7909949272871017
1.8171826303005219
2.072414331138134
1.9631346613168716
1.7244104892015457
1.6372346132993698
1.8590299040079117
1.8077824860811234
1.6356390938162804
1.599827617406845
2.0407866165041924
1.7402831465005875
1.5883523672819138
1.8677983731031418
1.7139591872692108
1.7117173224687576
1.5023685097694397
1.675078809261322
1.7420185506343842
1.9344757050275803
1.6751158982515335
2.221553646028042
1.929610088467598
1.5618444234132767
1.7302073389291763
1.6403982937335968
1.8873132839798927
1.7663273215293884
2.107090286910534
1.6695361137390137
1.7970815896987915
1.2857393100857735
1.8632683828473091
1.565268874168396
2.075019493699074
1.8320724070072174
1.72909577190876
1.8003141582012177
1.7285274416208267
1.7435618713498116
1.9240143299102783
2.2367786318063736
1.7291545122861862
1.795829862356186
1.9626634120941162
2.0225997418165207
1.7223816365003586
1.6541064828634262
1.7139121145009995
1.6783952564001083
1.9554095938801765
1.8462756723165512
1.6339500024914742
1.5190508514642715
1.6952028572559357
1.9499407559633255
1.7406402379274368
1.7630030661821365
1.8087753802537918
1.5934480056166649
2.026686519384384
1.735742062330246
1.5447360798716545
1.752040296792984
1.5522952228784561
1.833685852587223
1.6781378239393234
2.2927941977977753
2.056593045592308
1.811369776725769
1.7230258733034134
1.8915663063526154
1.6000657081604004
1.8068583458662033
1.648827999830246
1.8131494969129562
1.8529860526323318
1.6283860504627228
1.6253112852573395
1.60689377784729
1.4935213029384613
1.806829884648323
1.875173032283783
1.750549167394638
1.5885729491710663
1.3913758397102356
1.6878228560090065
1.7158724516630173
1.4218936264514923
1.9130327850580215
1.5210138857364655
1.7078741639852524
1.8415757790207863
1.6354274600744247
1.409421131014824
1.6013204008340836
1.424272082746029
1.6559267342090607
1.8257624357938766
1.6693953275680542
1.6694159433245659
1.7031803131103516
1.5343105494976044
1.6543426662683487
1.8649511188268661
1.8832960277795792
1.8675609827041626
