7.395060300827026
4.144254118204117
2.8803062438964844
3.0847637206315994
2.4722297340631485
2.086935445666313
1.8398015201091766
2.170264720916748
1.947453796863556
2.6731274127960205
2.1956622898578644
2.4071520417928696
1.7597588300704956
2.086790457367897
2.1565649211406708
2.0516856908798218
2.1077038943767548
1.6395041644573212
1.614540457725525
1.2380087152123451
1.675257921218872
1.4344532564282417
1.4962412044405937
1.3409990519285202
1.370523102581501
1.251970574259758
1.1544767543673515
1.2960439920425415
1.2856502383947372
0.9232045263051987
1.2022730261087418
0.9310574010014534
1.057685025036335
0.7848926931619644
1.0606258548796177
1.2363051623106003
0.773192647844553
0.8790319710969925
0.8226884081959724
1.1117236465215683
1.0716334320604801
1.0357949957251549
0.7806546613574028
0.8971005603671074
0.9145872294902802
0.944598488509655
1.0503837689757347
0.7601772844791412
0.9155261740088463
1.0299059301614761
1.0953749939799309
0.7291331421583891
1.335847981274128
1.0171065777540207
0.9080003723502159
0.8476392328739166
0.9821894615888596
1.111787736415863
1.0890866965055466
1.2498557940125465
1.2732165083289146
1.2897407039999962
1.0051425695419312
1.0150466561317444
1.3164069131016731
1.0031937956809998
1.1331591680645943
1.0233559310436249
0.8588356673717499
0.9239639490842819
1.070736639201641
0.9871809855103493
0.8878320604562759
0.6967403925955296
0.8997852578759193
0.945715144276619
0.691691767424345
0.8869226966053247
0.879992451518774
0.6974808797240257
0.7701275460422039
0.7853400036692619
0.9755522832274437
0.6537415236234665
1.194929078221321
0.6961040869355202
0.9056408777832985
0.8112995587289333
0.7562560774385929
0.7110440209507942
0.9199730530381203
0.8649933934211731
0.6899879574775696
0.8084225654602051
0.9714840166270733
0.842573020607233
0.9472000561654568
0.7519160732626915
0.5791639313101768
1.0180265605449677
1.0491120219230652
0.8869040757417679
1.1112701669335365
1.0572506487369537
0.9314764179289341
1.1463866755366325
1.1116452105343342
0.8005214557051659
1.1213290691375732
1.127618059515953
0.7397470101714134
0.6915839873254299
0.6974769607186317
1.1496774218976498
0.8244684040546417
0.7369060553610325
1.1272740587592125
1.0191428810358047
0.7737780287861824
0.8262431025505066
0.7749994918704033
1.060619130730629
0.7400471605360508
0.7391873970627785
0.8705823011696339
1.0017588213086128
0.9316929504275322
0.9422289729118347
1.0771683156490326
0.6968281641602516
0.7181956544518471
0.6826402135193348
0.6989587731659412
0.6271990407258272
0.6860126927495003
0.7127933166921139
0.8260669708251953
0.7516793385148048
0.6690248101949692
0.952866192907095
0.7501589357852936
0.6346229165792465
0.7685210555791855
0.8206462189555168
0.8960919640958309
1.0575106963515282
0.8492500633001328
0.8986133113503456
0.7909987047314644
0.8596174418926239
1.1059312671422958
0.6189011633396149
0.8504350706934929
0.7450439035892487
0.9334111250936985
0.7438809685409069
0.826287392526865
1.018393024802208
0.6697603687644005
1.1139631271362305
1.0709270536899567
0.9970520809292793
0.7137857861816883
0.858387004584074
1.0675236284732819
0.8537766449153423
0.8194640278816223
0.7186381220817566
0.7502896599471569
0.9394399598240852
0.7971263900399208
0.7208277881145477
0.9579625353217125
0.8650069087743759
0.7756266221404076
1.0510653294622898
0.8623079061508179
0.6540224887430668
0.7527369372546673
0.7451201006770134
0.8743633255362511
0.8676083385944366
0.8601335547864437
0.8352744318544865
0.7670689858496189
0.7317323125898838
0.8238459751009941
0.6431749388575554
0.6709824055433273
0.6657825335860252
0.6960839964449406
0.6619093902409077
0.6844227872788906
0.6881428733468056
0.7280039712786674
0.7586742304265499
0.8762594126164913
0.948592621833086
0.9028732553124428
0.6909468770027161
0.8235344551503658
0.8928824290633202
0.8219428546726704
0.7003897465765476
0.7738901078701019
0.7142062671482563
0.9523714780807495
0.8227529227733612
0.6954514607787132
0.8601991683244705
0.7195794209837914
1.0114256963133812
0.804334219545126
0.8050517216324806
0.7030403167009354
0.8891340494155884
0.780493713915348
0.717395506799221
0.9530192241072655
0.6170343197882175
0.756176795810461
0.782818827778101
0.8954163491725922
0.6603093296289444
0.5552686303853989
1.0046934820711613
0.7103490866720676
0.7768111862242222
0.6188130006194115
0.6763066165149212
0.6563689969480038
0.6703290343284607
0.8106212764978409
0.9337752535939217
0.8801565915346146
0.5290203131735325
0.9117899239063263
0.7680423995479941
0.7536999098956585
0.9173270836472511
0.673229768872261
0.6359222047030926
0.4964803233742714
0.8358019143342972
0.7122445106506348
0.7940213568508625
0.6330957524478436
0.8683102130889893
0.9776738062500954
0.8316387124359608
0.8682462088763714
0.9762028083205223
0.8916927576065063
0.953913725912571
0.974354837089777
0.7753149643540382
0.8101315945386887
0.7913103085011244
0.853584922850132
0.9007837250828743
0.7628834620118141
0.7965206727385521
0.5815247036516666
0.5996310338377953
0.8609343767166138
0.8156414777040482
0.8001178540289402
1.0218587331473827
0.8030746169388294
0.9044926799833775
0.5922963842749596
0.8258970342576504
0.7450530081987381
0.7705801762640476
0.6765054948627949
0.7812873683869839
0.6065100952982903
0.6434541791677475
0.703406922519207
0.7468290589749813
0.6827829107642174
0.8292480707168579
0.7817869670689106
0.7116598412394524
0.7526764459908009
0.7733118534088135
0.7904402688145638
0.6334534715861082
0.8120518177747726
0.6034640483558178
0.5558361001312733
0.5379951223731041
0.8113933131098747
0.9640751630067825
0.755252655595541
0.6224689222872257
0.6677686981856823
0.5501044634729624
0.8091975674033165
0.574657067656517
