7.976666033267975
5.084238439798355
3.5913293659687042
2.931638330221176
3.0268598943948746
3.44976407289505
2.6015597134828568
1.9780327528715134
2.054153636097908
2.4411954283714294
2.6144732981920242
2.316115915775299
2.16511207818985
2.496941953897476
2.399158403277397
2.067975804209709
2.2476199716329575
2.15301850438118
2.38576103746891
2.1748948097229004
2.1532167345285416
2.6249262243509293
2.7150518745183945
2.074964076280594
2.2472367137670517
2.15335214138031
2.23797744512558
1.851027399301529
2.2909787744283676
2.2173416018486023
1.8354255259037018
1.919322431087494
1.90288046002388
2.1047159284353256
1.6605373919010162
1.8302541375160217
2.1005349084734917
1.6863563358783722
1.7430985942482948
1.8586513847112656
1.6648192629218102
1.593570590019226
1.390429548919201
1.388480719178915
1.5098218843340874
1.4371867999434471
1.8855233788490295
1.5848321840167046
1.4100938066840172
1.6756827533245087
1.8783076107501984
1.392315611243248
1.8999713063240051
1.4835015684366226
1.3775277212262154
1.5082148686051369
1.6179534196853638
1.4389111548662186
1.5792309120297432
1.3950988352298737
1.30873304605484
1.7285429686307907
1.6677817553281784
1.4826547801494598
1.1731044799089432
1.357145830988884
1.0253486260771751
1.3658979088068008
1.2446216568350792
1.2566866278648376
1.2104864716529846
1.1366446316242218
1.2424930110573769
1.2148013152182102
1.34297351911664
1.0307474061846733
1.4042258337140083
1.2970353588461876
1.0999982692301273
1.094821684062481
1.3702562898397446
1.0926438048481941
1.0285930559039116
1.2789830304682255
1.0239972546696663
1.0095739588141441
1.3326624855399132
1.2139604911208153
1.1409418731927872
1.19875667989254
1.1458769291639328
1.2169335409998894
1.2146791219711304
1.031063511967659
1.2505082115530968
1.1725600063800812
0.9892733804881573
1.4547950997948647
1.0765599980950356
1.5111718326807022
1.2171725556254387
1.2525372505187988
1.3326449766755104
1.1563316136598587
1.2698321118950844
1.3977457880973816
1.5247322171926498
1.2874398976564407
1.1399018540978432
1.6290072351694107
1.262840360403061
1.2063569873571396
1.3956905156373978
1.279797226190567
1.6302692741155624
1.5490211471915245
1.450657643377781
0.951107557862997
1.067213237285614
1.272894062101841
1.210842177271843
1.1922361925244331
1.2375633493065834
1.2928541079163551
1.0336679369211197
1.147979199886322
1.0438242368400097
1.4311543852090836
1.1462141424417496
1.2017234042286873
0.850568238645792
1.0817991271615028
1.0131320431828499
1.1412691995501518
1.2151545733213425
1.1470059491693974
0.9278760999441147
1.066182404756546
1.1381896957755089
1.0581561177968979
1.1388669684529305
1.0436673536896706
1.1665785685181618
1.2123489528894424
1.0812467113137245
1.0649788081645966
1.0081874951720238
1.2755111083388329
1.440202221274376
0.9924769550561905
1.2350528612732887
1.038839090615511
1.035900667309761
0.9660097360610962
0.8229132667183876
1.2464932203292847
0.8984215408563614
0.9898242242634296
1.0677433237433434
1.21482103317976
1.124979428946972
0.9982690028846264
1.4474764913320541
1.220626711845398
1.375106893479824
1.2294872850179672
0.9611096680164337
1.4218115955591202
1.1006238386034966
1.3095603547990322
1.1355747878551483
1.0067608207464218
1.0411415994167328
1.1365071162581444
1.2239018380641937
1.1378177553415298
0.9571743756532669
0.90755645185709
0.7771224975585938
1.1065021380782127
1.1409022212028503
0.9528312236070633
1.116963654756546
1.040783368051052
1.056880883872509
1.1277059093117714
1.1987318135797977
1.154769666492939
0.979245238006115
1.0535913333296776
0.8881202936172485
1.1311727911233902
0.9640899896621704
1.2058543860912323
1.0133072473108768
0.9857994168996811
0.9289502203464508
1.2069920003414154
1.2166069149971008
1.130385309457779
1.0010626651346684
1.0906585827469826
1.08340685069561
1.1693967953324318
1.3395539969205856
1.1670982241630554
1.1578799486160278
1.0551758408546448
1.0145244225859642
1.1903458312153816
1.3208781108260155
0.9607805088162422
1.0053622499108315
1.0960996262729168
0.950512707233429
0.7875598594546318
1.0220254063606262
1.185849692672491
0.8556180596351624
1.073517456650734
1.1402353048324585
0.8956129550933838
0.9371801428496838
1.2921961918473244
1.0103663876652718
1.101880930364132
1.2620132714509964
1.0469690561294556
1.1085519194602966
0.7868211716413498
1.2035945653915405
0.8020773455500603
1.0437583848834038
1.099804848432541
0.9510445892810822
1.1298377066850662
0.926007729023695
1.0514070019125938
0.79719278216362
1.006514124572277
0.9383774697780609
1.0098600536584854
1.030686154961586
0.7335724867880344
0.9478558599948883
1.103707380592823
1.2781590446829796
1.2503340765833855
1.02012337744236
1.037941850721836
0.9705356173217297
1.1015148423612118
0.9780903682112694
1.1889044046401978
0.8567626103758812
1.1120280027389526
1.0052236504852772
1.18357752263546
1.2192889712750912
0.8997631967067719
1.36425019800663
1.0743775740265846
1.1181754991412163
1.2481950148940086
1.3905200436711311
1.1066828146576881
0.9381490312516689
0.9583654627203941
1.2189457826316357
1.2756616100668907
1.2454444244503975
0.9974760785698891
1.117039367556572
1.2076989710330963
1.250979345291853
1.0898731052875519
0.8292435146868229
0.9568624198436737
1.3008794039487839
1.0349838882684708
0.8918303176760674
1.0180817171931267
1.1424057148396969
1.2914070785045624
1.0736176446080208
0.9624868333339691
0.9554699324071407
1.009983353316784
0.909134816378355
0.8754073157906532
0.8703400269150734
0.8281175866723061
1.0661897249519825
0.8744747713208199
1.0361780598759651
0.792349599301815
0.7263408079743385
0.8560624793171883
1.185606636106968
1.0351336374878883
