8.053412914276123
5.723572731018066
4.04908761382103
3.719849407672882
3.4995005279779434
3.371938943862915
3.184861570596695
3.084847405552864
3.1145618557929993
2.980081856250763
2.98710235953331
3.041959226131439
2.820757731795311
2.8389460891485214
2.721374034881592
2.671331539750099
2.524792641401291
2.3660193383693695
2.186667799949646
2.0917198956012726
1.915347397327423
1.8756995648145676
1.9453627914190292
1.8558434396982193
1.8404164612293243
1.8048736080527306
1.7829925641417503
1.7872282415628433
1.7596640586853027
1.7938223034143448
1.7329058349132538
1.7432219833135605
1.7733014076948166
1.7128768116235733
1.7405207827687263
1.6572266221046448
1.7022674083709717
1.8211490958929062
1.7026008367538452
1.7596148997545242
1.7438968867063522
1.7110253348946571
1.6964464336633682
1.6870938837528229
1.794992133975029
1.7258733659982681
1.742299884557724
1.7122800648212433
1.738836720585823
1.7200565934181213
1.738814800977707
1.7735441774129868
1.6672061681747437
1.7798137366771698
1.770233079791069
1.7392195612192154
1.702367901802063
1.72904871404171
1.8259763270616531
1.7661674171686172
1.893980160355568
1.768988348543644
1.8063532412052155
1.7126463875174522
1.7003348171710968
1.7228537499904633
1.66177499294281
1.719312772154808
1.6811828389763832
1.6781479269266129
1.6433517932891846
1.6433909386396408
1.6476759612560272
1.6190892159938812
1.6560801938176155
1.666980817914009
1.668826699256897
1.6054180786013603
1.6374011412262917
1.640279859304428
1.5542078167200089
1.6234698742628098
1.6807330250740051
1.625282347202301
1.6721107214689255
1.622604452073574
1.6417060494422913
1.606128603219986
1.5793598517775536
1.5714229568839073
1.5415325462818146
1.6490612030029297
1.6867818012833595
1.6856420636177063
1.6888896524906158
1.5759347081184387
1.5753367617726326
1.6542629674077034
1.676763504743576
1.7262696325778961
1.5460235327482224
1.6450394988059998
1.659843772649765
1.5953658521175385
1.616795226931572
1.703015998005867
1.694042906165123
1.6212967932224274
1.7222611159086227
1.6647453606128693
1.7601119726896286
1.7494301348924637
1.6693738251924515
1.6625315099954605
1.592902034521103
1.575259543955326
1.7307231426239014
1.6438700705766678
1.6711633652448654
1.5717949345707893
1.6883303821086884
1.6594358086585999
1.61088377982378
1.5767411440610886
1.623735472559929
1.6527273803949356
1.610142931342125
1.7131344974040985
1.627270683646202
1.5888221859931946
1.5730621665716171
1.6073849201202393
1.6362711936235428
1.572338528931141
1.575011432170868
1.5751224160194397
1.5546846389770508
1.584565781056881
1.5317054465413094
1.5734243914484978
1.5355673730373383
1.54537034034729
1.6002404391765594
1.5770263373851776
1.5396535694599152
1.5994247645139694
1.615073025226593
1.646718829870224
1.5840212404727936
1.694589078426361
1.6696346327662468
1.6224717646837234
1.6334631592035294
1.5833581760525703
1.5665585100650787
1.6105587482452393
1.5775115340948105
1.6394469439983368
1.6544747650623322
1.5721538811922073
1.6596636548638344
1.663170263171196
1.687118873000145
1.7861425429582596
1.72590671479702
1.6852976232767105
1.6620325818657875
1.6050256937742233
1.5538130030035973
1.5599014908075333
1.5808548778295517
1.6499832272529602
1.6483399122953415
1.5250379145145416
1.6034094542264938
1.5843959897756577
1.620987929403782
1.5354507267475128
1.5246713235974312
1.4770330786705017
1.592283770442009
1.5569524690508842
1.5760008990764618
1.5705167800188065
1.5869289636611938
1.6037150174379349
1.5114050060510635
1.524206779897213
1.6134442389011383
1.5823652669787407
1.5659674406051636
1.5360320508480072
1.5402828976511955
1.5478674918413162
1.575882464647293
1.5642134994268417
1.5746847987174988
1.677493803203106
1.5845496207475662
1.5244114845991135
1.5343105047941208
1.5373134687542915
1.6673932671546936
1.5523325055837631
1.5908858478069305
1.5917408764362335
1.644871786236763
1.6136955544352531
1.6200357750058174
1.6707978621125221
1.5718875378370285
1.6312607675790787
1.5851715952157974
1.7528413087129593
1.6317633166909218
1.6428095325827599
1.5964451432228088
1.6178688630461693
1.6347127109766006
1.644983023405075
1.524754747748375
1.5844708904623985
1.5953025370836258
1.5520666986703873
1.6486407369375229
1.5555216670036316
1.5519001334905624
1.56899344176054
1.5842076241970062
1.504860870540142
1.5704936236143112
1.5229259058833122
1.5874857902526855
1.579956591129303
1.5501173287630081
1.597944401204586
1.6386969685554504
1.5997185334563255
1.5699828788638115
1.5585736334323883
1.5900762528181076
1.5583251416683197
1.4814012572169304
1.555814802646637
1.5748344957828522
1.5535448789596558
1.5759439766407013
1.5338370874524117
1.4953070282936096
1.5613191276788712
1.5330041199922562
1.5202136188745499
1.6810845285654068
1.5702571123838425
1.6503065675497055
1.5551729276776314
1.6106625944375992
1.5749755203723907
1.569469004869461
1.5701853781938553
1.668001726269722
1.5800345987081528
1.6964900940656662
1.6480445265769958
1.6003967374563217
1.6508085429668427
1.5923940688371658
1.616834595799446
1.5894956588745117
1.5403317362070084
1.5373916625976562
1.5688123852014542
1.668391540646553
1.5864002332091331
1.529970407485962
1.5330819711089134
1.559376448392868
1.531104102730751
1.5533614233136177
1.5596114173531532
1.5934556499123573
1.6089852526783943
1.5741802603006363
1.5155807435512543
1.6126121580600739
1.5284005925059319
1.5730228275060654
1.5396903306245804
1.5849973857402802
1.5395533666014671
1.5633805319666862
1.5375113189220428
1.59488245844841
1.4902322590351105
1.5352044850587845
1.5953447967767715
1.540816992521286
1.556816779077053
1.5168147385120392
1.5968436896800995
