7.912964761257172
4.722040086984634
3.4188132286071777
2.7046310007572174
2.4156959503889084
2.3494976609945297
2.585905984044075
1.9202503859996796
2.7914670407772064
2.567738860845566
1.7582797706127167
1.8196299523115158
2.2586169093847275
2.527278795838356
1.8005375862121582
1.7628230229020119
1.9926535785198212
1.6612036228179932
2.1381565928459167
1.8684093207120895
2.1739917546510696
1.2455898746848106
1.2398385033011436
1.5556070171296597
1.251991793513298
1.0905906409025192
1.367599219083786
1.0513231232762337
1.065074123442173
1.0164956524968147
1.0554689168930054
0.7495427206158638
1.1119428500533104
0.9554995074868202
0.7618793398141861
0.8693749867379665
1.0232736766338348
0.8026141375303268
0.8124049380421638
1.0482288748025894
0.6027607172727585
1.4278922379016876
0.9739655703306198
0.9606886059045792
0.9034212231636047
0.8818705230951309
1.1939049661159515
0.9394315220415592
1.00802630931139
0.8093992173671722
1.2275285124778748
1.4471964985132217
1.281130850315094
1.105642355978489
1.4473163932561874
1.0381634011864662
0.8161587715148926
1.3839227333664894
1.0888613536953926
1.3142486065626144
1.1669508069753647
1.0342073626816273
1.386627934873104
1.3783958554267883
0.9278456382453442
1.1580766141414642
1.0152828320860863
0.9795118644833565
1.0622780695557594
0.9712338596582413
1.0241723135113716
0.6813396960496902
0.9402199611067772
1.0805039778351784
0.7237432766705751
0.8410458564758301
0.8400121703743935
0.7230192944407463
0.9657242521643639
0.7730915322899818
0.8289551809430122
1.0009337849915028
0.6987424306571484
1.004981629550457
0.9590064212679863
0.8022200129926205
0.9829861037433147
0.935663465410471
0.6836569681763649
1.0608471371233463
0.9511740654706955
0.8426416516304016
1.0143261700868607
0.9748206734657288
0.7080581933259964
0.9647016003727913
1.1611649878323078
0.9640554487705231
0.9955818578600883
0.7915613725781441
0.6270764954388142
1.0736774131655693
1.040423572063446
0.76263577491045
1.236554577946663
1.3034671023488045
1.0182910785079002
1.5090085342526436
1.1835383921861649
1.2436661943793297
1.414136715233326
0.8301946222782135
1.1932677626609802
0.8106700330972672
1.3289924934506416
0.90159822255373
1.055642168968916
0.8712774217128754
1.2000027000904083
0.8102683871984482
0.619448721408844
0.7705077119171619
0.7826593145728111
0.7151140421628952
0.9732654690742493
0.6873161271214485
0.7769484333693981
0.8991109244525433
0.9195342659950256
0.8948555886745453
0.7790391072630882
1.04060298204422
0.7892353311181068
0.9760305285453796
0.8044491484761238
0.8549969494342804
0.8061491958796978
1.065833568572998
0.9078645221889019
0.7372511923313141
0.8942269831895828
0.8451844677329063
1.0343366116285324
0.6671885959804058
0.7556472457945347
1.0928991846740246
0.8283696249127388
1.0489089079201221
1.195305660367012
0.90417205914855
0.7561633884906769
0.9678445346653461
0.8626202866435051
0.697356104850769
0.887179683893919
0.8740934580564499
0.7727711759507656
0.9369493909180164
0.7047312967479229
0.8613661229610443
0.7954401895403862
0.9311903454363346
0.8098056763410568
0.9012951701879501
0.953326590359211
0.7275248169898987
0.8127559721469879
0.7997984066605568
0.9869963750243187
0.6579305045306683
0.7651004679501057
1.0032664015889168
0.8756285831332207
0.9376223459839821
0.5740936845541
0.8887749202549458
1.076440416276455
0.724773533642292
0.872225072234869
1.043720405548811
0.6094183139503002
0.8804756700992584
0.8087942562997341
0.6905094534158707
0.6782878860831261
0.7418458834290504
0.8250462263822556
0.788705550134182
0.7596640735864639
0.5695878826081753
0.7954332083463669
0.6650653332471848
0.7122619524598122
0.8916321694850922
1.0889709815382957
0.557470303028822
0.4754890650510788
0.7091913893818855
0.8076481744647026
0.8406955488026142
0.7582144066691399
0.8100235052406788
0.636794675141573
1.0124605894088745
0.8130092546343803
0.8422935754060745
0.6597399637103081
0.6917066127061844
0.8857295215129852
0.714539784938097
0.7859024703502655
0.7706520110368729
0.9744869396090508
0.9592466354370117
0.9913428872823715
1.0254791676998138
0.7274164482951164
0.8387972190976143
0.5817175358533859
0.8739858828485012
0.7705157585442066
0.8422613404691219
0.9654432982206345
0.7644946947693825
1.0979953482747078
0.7840124070644379
0.9366491958498955
0.9970888867974281
0.8500679954886436
0.8403009604662657
0.6736585311591625
0.7878944762051105
0.7816061563789845
0.46744614467024803
0.6704967506229877
0.6934793964028358
0.66248694434762
0.877775602042675
0.726288840174675
0.6372618824243546
0.8023179695010185
0.7970493547618389
0.8334283530712128
0.8220892362296581
0.7250808030366898
0.6662328913807869
0.811102457344532
0.8060417026281357
0.6391126811504364
0.8118738941848278
0.6859475784003735
0.6552130319178104
0.7786512151360512
0.6626351065933704
0.6578552350401878
0.827594131231308
0.533308744430542
0.7594356648623943
0.8881873078644276
0.7298240214586258
0.7310936376452446
1.1012462601065636
0.8383781164884567
0.9824170246720314
0.9412737041711807
0.7444798201322556
0.8890084661543369
0.8574505113065243
0.7275211587548256
0.656157448887825
0.9338746592402458
0.8006649389863014
0.8021492063999176
0.6959787867963314
0.9355535134673119
0.7808465510606766
0.7133561037480831
0.6212496310472488
0.7987530194222927
0.6602315120398998
0.6637904122471809
0.6980426460504532
0.6291129887104034
0.7724352553486824
0.7405467927455902
0.6337837278842926
0.7918473817408085
0.7621951028704643
0.7947085164487362
0.6910992115736008
0.7760975919663906
0.7370278462767601
0.6816242691129446
0.4962920621037483
0.5697689950466156
0.9608164727687836
0.9775343537330627
0.7031271755695343
0.7630307301878929
0.5918214321136475
