8.462064981460571
6.131267070770264
4.377801954746246
3.888866037130356
3.547319918870926
3.5451723635196686
3.400884449481964
3.39239165186882
3.1466545462608337
3.154273211956024
2.9944264888763428
3.0582310259342194
3.0747126191854477
3.0237289667129517
2.933018058538437
2.9850828647613525
2.932129919528961
2.8054115027189255
2.704526275396347
2.6386560648679733
2.3723212480545044
2.28809817135334
2.1067082583904266
2.2337905913591385
2.0688425451517105
2.101165845990181
2.0570213049650192
2.045347437262535
2.067232295870781
2.0416552275419235
2.0067089945077896
2.0366444885730743
1.9757240489125252
2.021317884325981
1.9891283512115479
1.9856401234865189
1.9170874953269958
1.983082577586174
1.962242767214775
1.9048978239297867
1.9708860516548157
1.951238363981247
1.9821338653564453
2.037472724914551
2.0137007385492325
2.014095038175583
2.001756899058819
2.0283182114362717
2.0181272327899933
1.994003251194954
1.9535138085484505
1.960487350821495
2.0987491607666016
2.083641991019249
2.1216493099927902
2.106251358985901
2.1204141676425934
2.05727656185627
2.00624617934227
2.077175095677376
2.0164343416690826
2.0613840967416763
2.1204622387886047
2.1259029507637024
2.010621540248394
1.9892230704426765
1.984855368733406
1.9312341064214706
1.9079111516475677
1.9147921651601791
1.9863765835762024
1.9385237097740173
2.017759993672371
1.9337239265441895
1.8490764796733856
1.892242506146431
1.8666076958179474
1.8278366029262543
1.8772432804107666
1.831810638308525
1.9089197218418121
1.977832168340683
1.8867528289556503
1.7983598709106445
1.7990207970142365
1.8382800966501236
1.8404154628515244
1.8565377742052078
1.779520571231842
1.8643483966588974
1.8085064888000488
1.81543830037117
1.8926649391651154
1.872393548488617
1.8039230853319168
1.834486037492752
1.8880944699048996
1.9060061424970627
1.9237411618232727
1.9636754542589188
1.9074773043394089
1.8597568422555923
1.9135465323925018
1.9431789070367813
1.9614770859479904
1.8853592425584793
1.8841955363750458
1.9473841488361359
1.8139125108718872
1.93465057015419
1.8765749633312225
1.9134556204080582
1.8936201333999634
1.8810122981667519
1.8761030286550522
1.8959245830774307
1.9333542436361313
1.8890400528907776
1.950599417090416
1.8723965138196945
1.8455252349376678
1.868305280804634
1.8237829208374023
1.8658979088068008
1.8767730742692947
1.841881424188614
1.8665260523557663
1.8689896166324615
1.8125833421945572
1.8386259526014328
1.8383932262659073
1.7969565689563751
1.8596616983413696
1.7646574899554253
1.7546702921390533
1.820342093706131
1.7896742820739746
1.845592349767685
1.7874876707792282
1.78464837372303
1.7415142059326172
1.8558683842420578
1.7779255360364914
1.84490504860878
1.7802309691905975
1.8645992279052734
1.782789260149002
1.8157854080200195
1.749435156583786
1.808172583580017
1.8365340530872345
1.8475641161203384
1.8633906543254852
1.9268019795417786
1.8647416234016418
1.85674549639225
1.7841982990503311
1.9296171516180038
1.8842428177595139
1.9285977184772491
1.8270140290260315
1.8605652451515198
1.8593807369470596
1.8799844831228256
1.7439166903495789
1.8212759643793106
1.9046963453292847
1.9247689694166183
1.7995286583900452
1.7397745922207832
1.8348756432533264
1.8259408473968506
1.8394674360752106
1.8012451380491257
1.8509734719991684
1.7763262689113617
1.762451320886612
1.8343009650707245
1.8390045464038849
1.71550852060318
1.8364824056625366
1.8166055157780647
1.7882890403270721
1.8186705708503723
1.7940791547298431
1.8033395111560822
1.7915588468313217
1.8005487024784088
1.7190313413739204
1.8468499928712845
1.862394392490387
1.7568411752581596
1.7761844545602798
1.760576844215393
1.7764033377170563
1.7418368831276894
1.8280836343765259
1.7669653370976448
1.7985687404870987
1.7751712501049042
1.8156384527683258
1.8171822428703308
1.8108556121587753
1.7625842690467834
1.9006212949752808
1.7763372659683228
1.85544965416193
1.793000727891922
1.8597188591957092
1.7766959518194199
1.8300321847200394
1.9054611027240753
1.7054614871740341
1.753483071923256
1.778981402516365
1.8019908890128136
1.7779300212860107
1.7527591288089752
1.8356507569551468
1.798282578587532
1.7861780524253845
1.8013013452291489
1.74042546749115
1.816177174448967
1.821240410208702
1.7352482229471207
1.7766378670930862
1.8339124619960785
1.7344172596931458
1.7592788338661194
1.755653738975525
1.8130485564470291
1.8092928677797318
1.8161177188158035
1.7081861943006516
1.7092618197202682
1.7473190277814865
1.840856060385704
1.776705726981163
1.7563405632972717
1.745655968785286
1.7053837329149246
1.6980647444725037
1.8010788410902023
1.76806078851223
1.7526608407497406
1.774407148361206
1.7234962731599808
1.7830903679132462
1.810242772102356
1.8313816040754318
1.8376218229532242
1.7598770707845688
1.7759545147418976
1.7562984377145767
1.781550943851471
1.818070188164711
1.9197364300489426
1.9381739348173141
1.8644729554653168
1.7887652888894081
1.800595298409462
1.877308502793312
1.8142966330051422
1.875054508447647
1.8223877102136612
1.7992095053195953
1.7983123138546944
1.8463838994503021
1.8293700814247131
1.8652978539466858
1.7435959354043007
1.8350535780191422
1.7411181181669235
1.7394158095121384
1.7643971294164658
1.7837808728218079
1.769467145204544
1.7410035729408264
1.782291054725647
1.782891720533371
1.7208504229784012
1.8079351335763931
1.7400062680244446
1.7292715311050415
1.7716986387968063
1.7809494733810425
1.7983671426773071
1.6815362870693207
1.7678386867046356
1.7532429695129395
1.6907991468906403
1.698947086930275
1.8162028715014458
1.7305634319782257
1.7166398614645004
1.704508125782013
1.7713533341884613
1.7608014792203903
1.787413202226162
